1 0 0
2 0 0
3 0 0
4 0 0
5 0 0
6 0 0
7 0 0
8 0 0
9 0 0
10 0 0
11 0 0
12 0 0
13 0 0
14 0 0
15 0 0
16 0 0
17 0 0
18 0 0
19 0 0
20 0 0
21 0 0
22 0 0
23 0 0
24 0 0
25 0 0
26 0 0
27 0 0
28 0 0
29 0 0
30 0 0
31 0 0
32 0 0
33 0 0
34 0 0
35 0 0
36 0 0
37 0 0
38 0 0
39 0 0
40 0 0
41 4 27
42 4 27
43 4 27
44 4 27
45 4 27
46 4 27
47 4 27
48 4 27
49 4 27
50 4 27
51 4 27
52 4 27
53 4 27
54 4 27
55 4 27
56 4 27
57 4 27
58 4 27
59 4 27
60 4 27
61 4 27
62 4 27
63 4 27
64 4 27
65 4 27
66 4 27
67 4 27
68 4 27
69 4 27
70 4 27
71 4 27
72 4 27
73 4 27
74 4 27
75 4 27
76 4 27
77 4 27
78 4 27
79 4 27
80 4 27
81 4 27
82 4 27
83 4 27
84 4 27
85 4 27
86 4 27
87 4 27
88 4 27
89 4 27
90 4 27
91 4 27
92 4 27
93 4 27
94 4 27
95 4 27
96 4 27
97 4 27
98 4 27
99 4 27
100 4 27
101 34 11
102 34 11
103 34 11
104 34 11
105 34 11
106 34 11
107 34 11
108 34 11
109 34 11
110 34 11
111 34 11
112 34 11
113 34 11
114 34 11
115 34 11
116 34 11
117 34 11
118 34 11
119 34 11
120 34 11
121 34 11
122 34 11
123 34 11
124 34 11
125 34 11
126 34 11
127 34 11
128 34 11
129 34 11
130 34 11
131 34 11
132 34 11
133 34 11
134 34 11
135 34 11
136 34 11
137 34 11
138 34 11
139 34 11
140 34 11
141 34 11
142 34 11
143 34 11
144 34 11
145 34 11
146 34 11
147 34 11
148 34 11
149 34 11
150 34 11
151 34 11
152 34 11
153 34 11
154 34 11
155 34 11
156 34 11
157 34 11
158 34 11
159 34 11
160 34 11
161 14 19
162 14 19
163 14 19
164 14 19
165 14 19
166 14 19
167 14 19
168 14 19
169 14 19
170 14 19
171 14 19
172 14 19
173 14 19
174 14 19
175 14 19
176 14 19
177 14 19
178 14 19
179 14 19
180 14 19
181 14 19
182 14 19
183 14 19
184 14 19
185 14 19
186 14 19
187 14 19
188 14 19
189 14 19
190 14 19
191 14 19
192 14 19
193 14 19
194 14 19
195 14 19
196 14 19
197 14 19
198 14 19
199 14 19
200 14 19
201 14 19
202 14 19
203 14 19
204 14 19
205 14 19
206 14 19
207 14 19
208 14 19
209 14 19
210 14 19
211 14 19
212 14 19
213 14 19
214 14 19
215 14 19
216 14 19
217 14 19
218 14 19
219 14 19
220 14 19
221 12 1
222 12 1
223 12 1
224 12 1
225 12 1
226 12 1
227 12 1
228 12 1
229 12 1
230 12 1
231 12 1
232 12 1
233 12 1
234 12 1
235 12 1
236 12 1
237 12 1
238 12 1
239 12 1
240 12 1
241 12 1
242 12 1
243 12 1
244 12 1
245 12 1
246 12 1
247 12 1
248 12 1
249 12 1
250 12 1
251 12 1
252 12 1
253 12 1
254 12 1
255 12 1
256 12 1
257 12 1
258 12 1
259 12 1
260 12 1
261 12 1
262 12 1
263 12 1
264 12 1
265 12 1
266 12 1
267 12 1
268 12 1
269 12 1
270 12 1
271 12 1
272 12 1
273 12 1
274 12 1
275 12 1
276 12 1
277 12 1
278 12 1
279 12 1
280 12 1
281 8 13
282 8 13
283 8 13
284 8 13
285 8 13
286 8 13
287 8 13
288 8 13
289 8 13
290 8 13
291 8 13
292 8 13
293 8 13
294 8 13
295 8 13
296 8 13
297 8 13
298 8 13
299 8 13
300 8 13
301 8 13
302 8 13
303 8 13
304 8 13
305 8 13
306 8 13
307 8 13
308 8 13
309 8 13
310 8 13
311 8 13
312 8 13
313 8 13
314 8 13
315 8 13
316 8 13
317 8 13
318 8 13
319 8 13
320 8 13
321 8 13
322 8 13
323 8 13
324 8 13
325 8 13
326 8 13
327 8 13
328 8 13
329 8 13
330 8 13
331 8 13
332 8 13
333 8 13
334 8 13
335 8 13
336 8 13
337 8 13
338 8 13
339 8 13
340 8 13
341 30 31
342 30 31
343 30 31
344 30 31
345 30 31
346 30 31
347 30 31
348 30 31
349 30 31
350 30 31
351 30 31
352 30 31
353 30 31
354 30 31
355 30 31
356 30 31
357 30 31
358 30 31
359 30 31
360 30 31
361 30 31
362 30 31
363 30 31
364 30 31
365 30 31
366 30 31
367 30 31
368 30 31
369 30 31
370 30 31
371 30 31
372 30 31
373 30 31
374 30 31
375 30 31
376 30 31
377 30 31
378 30 31
379 30 31
380 30 31
381 30 31
382 30 31
383 30 31
384 30 31
385 30 31
386 30 31
387 30 31
388 30 31
389 30 31
390 30 31
391 30 31
392 30 31
393 30 31
394 30 31
395 30 31
396 30 31
397 30 31
398 30 31
399 30 31
400 30 31
401 16 3
402 16 3
403 16 3
404 16 3
405 16 3
406 16 3
407 16 3
408 16 3
409 16 3
410 16 3
411 16 3
412 16 3
413 16 3
414 16 3
415 16 3
416 16 3
417 16 3
418 16 3
419 16 3
420 16 3
421 16 3
422 16 3
423 16 3
424 16 3
425 16 3
426 16 3
427 16 3
428 16 3
429 16 3
430 16 3
431 16 3
432 16 3
433 16 3
434 16 3
435 16 3
436 16 3
437 16 3
438 16 3
439 16 3
440 16 3
441 16 3
442 16 3
443 16 3
444 16 3
445 16 3
446 16 3
447 16 3
448 16 3
449 16 3
450 16 3
451 16 3
452 16 3
453 16 3
454 16 3
455 16 3
456 16 3
457 16 3
458 16 3
459 16 3
460 16 3
461 28 29
462 28 29
463 28 29
464 28 29
465 28 29
466 28 29
467 28 29
468 28 29
469 28 29
470 28 29
471 28 29
472 28 29
473 28 29
474 28 29
475 28 29
476 28 29
477 28 29
478 28 29
479 28 29
480 28 29
481 28 29
482 28 29
483 28 29
484 28 29
485 28 29
486 28 29
487 28 29
488 28 29
489 28 29
490 28 29
491 28 29
492 28 29
493 28 29
494 28 29
495 28 29
496 28 29
497 28 29
498 28 29
499 28 29
500 28 29
501 28 29
502 28 29
503 28 29
504 28 29
505 28 29
506 28 29
507 28 29
508 28 29
509 28 29
510 28 29
511 28 29
512 28 29
513 28 29
514 28 29
515 28 29
516 28 29
517 28 29
518 28 29
519 28 29
520 28 29
521 32 9
522 32 9
523 32 9
524 32 9
525 32 9
526 32 9
527 32 9
528 32 9
529 32 9
530 32 9
531 32 9
532 32 9
533 32 9
534 32 9
535 32 9
536 32 9
537 32 9
538 32 9
539 32 9
540 32 9
541 32 9
542 32 9
543 32 9
544 32 9
545 32 9
546 32 9
547 32 9
548 32 9
549 32 9
550 32 9
551 32 9
552 32 9
553 32 9
554 32 9
555 32 9
556 32 9
557 32 9
558 32 9
559 32 9
560 32 9
561 32 9
562 32 9
563 32 9
564 32 9
565 32 9
566 32 9
567 32 9
568 32 9
569 32 9
570 32 9
571 32 9
572 32 9
573 32 9
574 32 9
575 32 9
576 32 9
577 32 9
578 32 9
579 32 9
580 32 9
581 38 37
582 38 37
583 38 37
584 38 37
585 38 37
586 38 37
587 38 37
588 38 37
589 38 37
590 38 37
591 38 37
592 38 37
593 38 37
594 38 37
595 38 37
596 38 37
597 38 37
598 38 37
599 38 37
600 38 37
601 38 37
602 38 37
603 38 37
604 38 37
605 38 37
606 38 37
607 38 37
608 38 37
609 38 37
610 38 37
611 38 37
612 38 37
613 38 37
614 38 37
615 38 37
616 38 37
617 38 37
618 38 37
619 38 37
620 38 37
621 38 37
622 38 37
623 38 37
624 38 37
625 38 37
626 38 37
627 38 37
628 38 37
629 38 37
630 38 37
631 38 37
632 38 37
633 38 37
634 38 37
635 38 37
636 38 37
637 38 37
638 38 37
639 38 37
640 38 37
641 2 17
642 2 17
643 2 17
644 2 17
645 2 17
646 2 17
647 2 17
648 2 17
649 2 17
650 2 17
651 2 17
652 2 17
653 2 17
654 2 17
655 2 17
656 2 17
657 2 17
658 2 17
659 2 17
660 2 17
661 2 17
662 2 17
663 2 17
664 2 17
665 2 17
666 2 17
667 2 17
668 2 17
669 2 17
670 2 17
671 2 17
672 2 17
673 2 17
674 2 17
675 2 17
676 2 17
677 2 17
678 2 17
679 2 17
680 2 17
681 2 17
682 2 17
683 2 17
684 2 17
685 2 17
686 2 17
687 2 17
688 2 17
689 2 17
690 2 17
691 2 17
692 2 17
693 2 17
694 2 17
695 2 17
696 2 17
697 2 17
698 2 17
699 2 17
700 2 17
701 22 33
702 22 33
703 22 33
704 22 33
705 22 33
706 22 33
707 22 33
708 22 33
709 22 33
710 22 33
711 22 33
712 22 33
713 22 33
714 22 33
715 22 33
716 22 33
717 22 33
718 22 33
719 22 33
720 22 33
721 22 33
722 22 33
723 22 33
724 22 33
725 22 33
726 22 33
727 22 33
728 22 33
729 22 33
730 22 33
731 22 33
732 22 33
733 22 33
734 22 33
735 22 33
736 22 33
737 22 33
738 22 33
739 22 33
740 22 33
741 22 33
742 22 33
743 22 33
744 22 33
745 22 33
746 22 33
747 22 33
748 22 33
749 22 33
750 22 33
751 22 33
752 22 33
753 22 33
754 22 33
755 22 33
756 22 33
757 22 33
758 22 33
759 22 33
760 22 33
761 10 35
762 10 35
763 10 35
764 10 35
765 10 35
766 10 35
767 10 35
768 10 35
769 10 35
770 10 35
771 10 35
772 10 35
773 10 35
774 10 35
775 10 35
776 10 35
777 10 35
778 10 35
779 10 35
780 10 35
781 10 35
782 10 35
783 10 35
784 10 35
785 10 35
786 10 35
787 10 35
788 10 35
789 10 35
790 10 35
791 10 35
792 10 35
793 10 35
794 10 35
795 10 35
796 10 35
797 10 35
798 10 35
799 10 35
800 10 35
801 10 35
802 10 35
803 10 35
804 10 35
805 10 35
806 10 35
807 10 35
808 10 35
809 10 35
810 10 35
811 10 35
812 10 35
813 10 35
814 10 35
815 10 35
816 10 35
817 10 35
818 10 35
819 10 35
820 10 35
821 40 21
822 40 21
823 40 21
824 40 21
825 40 21
826 40 21
827 40 21
828 40 21
829 40 21
830 40 21
831 40 21
832 40 21
833 40 21
834 40 21
835 40 21
836 40 21
837 40 21
838 40 21
839 40 21
840 40 21
841 40 21
842 40 21
843 40 21
844 40 21
845 40 21
846 40 21
847 40 21
848 40 21
849 40 21
850 40 21
851 40 21
852 40 21
853 40 21
854 40 21
855 40 21
856 40 21
857 40 21
858 40 21
859 40 21
860 40 21
861 40 21
862 40 21
863 40 21
864 40 21
865 40 21
866 40 21
867 40 21
868 40 21
869 40 21
870 40 21
871 40 21
872 40 21
873 40 21
874 40 21
875 40 21
876 40 21
877 40 21
878 40 21
879 40 21
880 40 21
881 36 15
882 36 15
883 36 15
884 36 15
885 36 15
886 36 15
887 36 15
888 36 15
889 36 15
890 36 15
891 36 15
892 36 15
893 36 15
894 36 15
895 36 15
896 36 15
897 36 15
898 36 15
899 36 15
900 36 15
901 36 15
902 36 15
903 36 15
904 36 15
905 36 15
906 36 15
907 36 15
908 36 15
909 36 15
910 36 15
911 36 15
912 36 15
913 36 15
914 36 15
915 36 15
916 36 15
917 36 15
918 36 15
919 36 15
920 36 15
921 36 15
922 36 15
923 36 15
924 36 15
925 36 15
926 36 15
927 36 15
928 36 15
929 36 15
930 36 15
931 36 15
932 36 15
933 36 15
934 36 15
935 36 15
936 36 15
937 36 15
938 36 15
939 36 15
940 36 15
941 26 25
942 26 25
943 26 25
944 26 25
945 26 25
946 26 25
947 26 25
948 26 25
949 26 25
950 26 25
951 26 25
952 26 25
953 26 25
954 26 25
955 26 25
956 26 25
957 26 25
958 26 25
959 26 25
960 26 25
961 26 25
962 26 25
963 26 25
964 26 25
965 26 25
966 26 25
967 26 25
968 26 25
969 26 25
970 26 25
971 26 25
972 26 25
973 26 25
974 26 25
975 26 25
976 26 25
977 26 25
978 26 25
979 26 25
980 26 25
981 26 25
982 26 25
983 26 25
984 26 25
985 26 25
986 26 25
987 26 25
988 26 25
989 26 25
990 26 25
991 26 25
992 26 25
993 26 25
994 26 25
995 26 25
996 26 25
997 26 25
998 26 25
999 26 25
1000 26 25
1001 24 23
1002 24 23
1003 24 23
1004 24 23
1005 24 23
1006 24 23
1007 24 23
1008 24 23
1009 24 23
1010 24 23
1011 24 23
1012 24 23
1013 24 23
1014 24 23
1015 24 23
1016 24 23
1017 24 23
1018 24 23
1019 24 23
1020 24 23
1021 24 23
1022 24 23
1023 24 23
1024 24 23
1025 24 23
1026 24 23
1027 24 23
1028 24 23
1029 24 23
1030 24 23
1031 24 23
1032 24 23
1033 24 23
1034 24 23
1035 24 23
1036 24 23
1037 24 23
1038 24 23
1039 24 23
1040 24 23
1041 24 23
1042 24 23
1043 24 23
1044 24 23
1045 24 23
1046 24 23
1047 24 23
1048 24 23
1049 24 23
1050 24 23
1051 24 23
1052 24 23
1053 24 23
1054 24 23
1055 24 23
1056 24 23
1057 24 23
1058 24 23
1059 24 23
1060 24 23
1061 20 7
1062 20 7
1063 20 7
1064 20 7
1065 20 7
1066 20 7
1067 20 7
1068 20 7
1069 20 7
1070 20 7
1071 20 7
1072 20 7
1073 20 7
1074 20 7
1075 20 7
1076 20 7
1077 20 7
1078 20 7
1079 20 7
1080 20 7
1081 20 7
1082 20 7
1083 20 7
1084 20 7
1085 20 7
1086 20 7
1087 20 7
1088 20 7
1089 20 7
1090 20 7
1091 20 7
1092 20 7
1093 20 7
1094 20 7
1095 20 7
1096 20 7
1097 20 7
1098 20 7
1099 20 7
1100 20 7
1101 20 7
1102 20 7
1103 20 7
1104 20 7
1105 20 7
1106 20 7
1107 20 7
1108 20 7
1109 20 7
1110 20 7
1111 20 7
1112 20 7
1113 20 7
1114 20 7
1115 20 7
1116 20 7
1117 20 7
1118 20 7
1119 20 7
1120 20 7
1121 6 39
1122 6 39
1123 6 39
1124 6 39
1125 6 39
1126 6 39
1127 6 39
1128 6 39
1129 6 39
1130 6 39
1131 6 39
1132 6 39
1133 6 39
1134 6 39
1135 6 39
1136 6 39
1137 6 39
1138 6 39
1139 6 39
1140 6 39
1141 6 39
1142 6 39
1143 6 39
1144 6 39
1145 6 39
1146 6 39
1147 6 39
1148 6 39
1149 6 39
1150 6 39
1151 6 39
1152 6 39
1153 6 39
1154 6 39
1155 6 39
1156 6 39
1157 6 39
1158 6 39
1159 6 39
1160 6 39
1161 6 39
1162 6 39
1163 6 39
1164 6 39
1165 6 39
1166 6 39
1167 6 39
1168 6 39
1169 6 39
1170 6 39
1171 6 39
1172 6 39
1173 6 39
1174 6 39
1175 6 39
1176 6 39
1177 6 39
1178 6 39
1179 6 39
1180 6 39
1181 18 5
1182 18 5
1183 18 5
1184 18 5
1185 18 5
1186 18 5
1187 18 5
1188 18 5
1189 18 5
1190 18 5
1191 18 5
1192 18 5
1193 18 5
1194 18 5
1195 18 5
1196 18 5
1197 18 5
1198 18 5
1199 18 5
1200 18 5
1201 18 5
1202 18 5
1203 18 5
1204 18 5
1205 18 5
1206 18 5
1207 18 5
1208 18 5
1209 18 5
1210 18 5
1211 18 5
1212 18 5
1213 18 5
1214 18 5
1215 18 5
1216 18 5
1217 18 5
1218 18 5
1219 18 5
1220 18 5
1221 18 5
1222 18 5
1223 18 5
1224 18 5
1225 18 5
1226 18 5
1227 18 5
1228 18 5
1229 18 5
1230 18 5
1231 18 5
1232 18 5
1233 18 5
1234 18 5
1235 18 5
1236 18 5
1237 18 5
1238 18 5
1239 18 5
1240 18 5
1241 44 1145
1242 44 1145
1243 44 1145
1244 44 1145
1245 44 1145
1246 44 1145
1247 44 1145
1248 44 1145
1249 44 1145
1250 44 1145
1251 44 1145
1252 44 1145
1253 44 1145
1254 44 1145
1255 44 1145
1256 44 1145
1257 44 1145
1258 44 1145
1259 44 1145
1260 44 1145
1261 44 1145
1262 44 1145
1263 44 1145
1264 44 1145
1265 44 1145
1266 44 1145
1267 44 1145
1268 44 1145
1269 44 1145
1270 44 1145
1271 44 1145
1272 44 1145
1273 44 1145
1274 44 1145
1275 44 1145
1276 44 1145
1277 44 1145
1278 44 1145
1279 44 1145
1280 44 1145
1281 44 1145
1282 44 1145
1283 44 1145
1284 44 1145
1285 44 1145
1286 44 1145
1287 44 1145
1288 44 1145
1289 44 1145
1290 44 1145
1291 44 1145
1292 44 1145
1293 44 1145
1294 44 1145
1295 44 1145
1296 44 1145
1297 44 1145
1298 44 1145
1299 44 1145
1300 44 1145
1301 152 835
1302 152 835
1303 152 835
1304 152 835
1305 152 835
1306 152 835
1307 152 835
1308 152 835
1309 152 835
1310 152 835
1311 152 835
1312 152 835
1313 152 835
1314 152 835
1315 152 835
1316 152 835
1317 152 835
1318 152 835
1319 152 835
1320 152 835
1321 152 835
1322 152 835
1323 152 835
1324 152 835
1325 152 835
1326 152 835
1327 152 835
1328 152 835
1329 152 835
1330 152 835
1331 152 835
1332 152 835
1333 152 835
1334 152 835
1335 152 835
1336 152 835
1337 152 835
1338 152 835
1339 152 835
1340 152 835
1341 152 835
1342 152 835
1343 152 835
1344 152 835
1345 152 835
1346 152 835
1347 152 835
1348 152 835
1349 152 835
1350 152 835
1351 152 835
1352 152 835
1353 152 835
1354 152 835
1355 152 835
1356 152 835
1357 152 835
1358 152 835
1359 152 835
1360 152 835
1361 164 575
1362 164 575
1363 164 575
1364 164 575
1365 164 575
1366 164 575
1367 164 575
1368 164 575
1369 164 575
1370 164 575
1371 164 575
1372 164 575
1373 164 575
1374 164 575
1375 164 575
1376 164 575
1377 164 575
1378 164 575
1379 164 575
1380 164 575
1381 164 575
1382 164 575
1383 164 575
1384 164 575
1385 164 575
1386 164 575
1387 164 575
1388 164 575
1389 164 575
1390 164 575
1391 164 575
1392 164 575
1393 164 575
1394 164 575
1395 164 575
1396 164 575
1397 164 575
1398 164 575
1399 164 575
1400 164 575
1401 164 575
1402 164 575
1403 164 575
1404 164 575
1405 164 575
1406 164 575
1407 164 575
1408 164 575
1409 164 575
1410 164 575
1411 164 575
1412 164 575
1413 164 575
1414 164 575
1415 164 575
1416 164 575
1417 164 575
1418 164 575
1419 164 575
1420 164 575
1421 226 487
1422 226 487
1423 226 487
1424 226 487
1425 226 487
1426 226 487
1427 226 487
1428 226 487
1429 226 487
1430 226 487
1431 226 487
1432 226 487
1433 226 487
1434 226 487
1435 226 487
1436 226 487
1437 226 487
1438 226 487
1439 226 487
1440 226 487
1441 226 487
1442 226 487
1443 226 487
1444 226 487
1445 226 487
1446 226 487
1447 226 487
1448 226 487
1449 226 487
1450 226 487
1451 226 487
1452 226 487
1453 226 487
1454 226 487
1455 226 487
1456 226 487
1457 226 487
1458 226 487
1459 226 487
1460 226 487
1461 226 487
1462 226 487
1463 226 487
1464 226 487
1465 226 487
1466 226 487
1467 226 487
1468 226 487
1469 226 487
1470 226 487
1471 226 487
1472 226 487
1473 226 487
1474 226 487
1475 226 487
1476 226 487
1477 226 487
1478 226 487
1479 226 487
1480 226 487
1481 294 733
1482 294 733
1483 294 733
1484 294 733
1485 294 733
1486 294 733
1487 294 733
1488 294 733
1489 294 733
1490 294 733
1491 294 733
1492 294 733
1493 294 733
1494 294 733
1495 294 733
1496 294 733
1497 294 733
1498 294 733
1499 294 733
1500 294 733
1501 294 733
1502 294 733
1503 294 733
1504 294 733
1505 294 733
1506 294 733
1507 294 733
1508 294 733
1509 294 733
1510 294 733
1511 294 733
1512 294 733
1513 294 733
1514 294 733
1515 294 733
1516 294 733
1517 294 733
1518 294 733
1519 294 733
1520 294 733
1521 294 733
1522 294 733
1523 294 733
1524 294 733
1525 294 733
1526 294 733
1527 294 733
1528 294 733
1529 294 733
1530 294 733
1531 294 733
1532 294 733
1533 294 733
1534 294 733
1535 294 733
1536 294 733
1537 294 733
1538 294 733
1539 294 733
1540 294 733
1541 368 139
1542 368 139
1543 368 139
1544 368 139
1545 368 139
1546 368 139
1547 368 139
1548 368 139
1549 368 139
1550 368 139
1551 368 139
1552 368 139
1553 368 139
1554 368 139
1555 368 139
1556 368 139
1557 368 139
1558 368 139
1559 368 139
1560 368 139
1561 368 139
1562 368 139
1563 368 139
1564 368 139
1565 368 139
1566 368 139
1567 368 139
1568 368 139
1569 368 139
1570 368 139
1571 368 139
1572 368 139
1573 368 139
1574 368 139
1575 368 139
1576 368 139
1577 368 139
1578 368 139
1579 368 139
1580 368 139
1581 368 139
1582 368 139
1583 368 139
1584 368 139
1585 368 139
1586 368 139
1587 368 139
1588 368 139
1589 368 139
1590 368 139
1591 368 139
1592 368 139
1593 368 139
1594 368 139
1595 368 139
1596 368 139
1597 368 139
1598 368 139
1599 368 139
1600 368 139
1601 404 1119
1602 404 1119
1603 404 1119
1604 404 1119
1605 404 1119
1606 404 1119
1607 404 1119
1608 404 1119
1609 404 1119
1610 404 1119
1611 404 1119
1612 404 1119
1613 404 1119
1614 404 1119
1615 404 1119
1616 404 1119
1617 404 1119
1618 404 1119
1619 404 1119
1620 404 1119
1621 404 1119
1622 404 1119
1623 404 1119
1624 404 1119
1625 404 1119
1626 404 1119
1627 404 1119
1628 404 1119
1629 404 1119
1630 404 1119
1631 404 1119
1632 404 1119
1633 404 1119
1634 404 1119
1635 404 1119
1636 404 1119
1637 404 1119
1638 404 1119
1639 404 1119
1640 404 1119
1641 404 1119
1642 404 1119
1643 404 1119
1644 404 1119
1645 404 1119
1646 404 1119
1647 404 1119
1648 404 1119
1649 404 1119
1650 404 1119
1651 404 1119
1652 404 1119
1653 404 1119
1654 404 1119
1655 404 1119
1656 404 1119
1657 404 1119
1658 404 1119
1659 404 1119
1660 404 1119
1661 472 901
1662 472 901
1663 472 901
1664 472 901
1665 472 901
1666 472 901
1667 472 901
1668 472 901
1669 472 901
1670 472 901
1671 472 901
1672 472 901
1673 472 901
1674 472 901
1675 472 901
1676 472 901
1677 472 901
1678 472 901
1679 472 901
1680 472 901
1681 472 901
1682 472 901
1683 472 901
1684 472 901
1685 472 901
1686 472 901
1687 472 901
1688 472 901
1689 472 901
1690 472 901
1691 472 901
1692 472 901
1693 472 901
1694 472 901
1695 472 901
1696 472 901
1697 472 901
1698 472 901
1699 472 901
1700 472 901
1701 472 901
1702 472 901
1703 472 901
1704 472 901
1705 472 901
1706 472 901
1707 472 901
1708 472 901
1709 472 901
1710 472 901
1711 472 901
1712 472 901
1713 472 901
1714 472 901
1715 472 901
1716 472 901
1717 472 901
1718 472 901
1719 472 901
1720 472 901
1721 534 951
1722 534 951
1723 534 951
1724 534 951
1725 534 951
1726 534 951
1727 534 951
1728 534 951
1729 534 951
1730 534 951
1731 534 951
1732 534 951
1733 534 951
1734 534 951
1735 534 951
1736 534 951
1737 534 951
1738 534 951
1739 534 951
1740 534 951
1741 534 951
1742 534 951
1743 534 951
1744 534 951
1745 534 951
1746 534 951
1747 534 951
1748 534 951
1749 534 951
1750 534 951
1751 534 951
1752 534 951
1753 534 951
1754 534 951
1755 534 951
1756 534 951
1757 534 951
1758 534 951
1759 534 951
1760 534 951
1761 534 951
1762 534 951
1763 534 951
1764 534 951
1765 534 951
1766 534 951
1767 534 951
1768 534 951
1769 534 951
1770 534 951
1771 534 951
1772 534 951
1773 534 951
1774 534 951
1775 534 951
1776 534 951
1777 534 951
1778 534 951
1779 534 951
1780 534 951
1781 636 231
1782 636 231
1783 636 231
1784 636 231
1785 636 231
1786 636 231
1787 636 231
1788 636 231
1789 636 231
1790 636 231
1791 636 231
1792 636 231
1793 636 231
1794 636 231
1795 636 231
1796 636 231
1797 636 231
1798 636 231
1799 636 231
1800 636 231
1801 636 231
1802 636 231
1803 636 231
1804 636 231
1805 636 231
1806 636 231
1807 636 231
1808 636 231
1809 636 231
1810 636 231
1811 636 231
1812 636 231
1813 636 231
1814 636 231
1815 636 231
1816 636 231
1817 636 231
1818 636 231
1819 636 231
1820 636 231
1821 636 231
1822 636 231
1823 636 231
1824 636 231
1825 636 231
1826 636 231
1827 636 231
1828 636 231
1829 636 231
1830 636 231
1831 636 231
1832 636 231
1833 636 231
1834 636 231
1835 636 231
1836 636 231
1837 636 231
1838 636 231
1839 636 231
1840 636 231
1841 694 93
1842 694 93
1843 694 93
1844 694 93
1845 694 93
1846 694 93
1847 694 93
1848 694 93
1849 694 93
1850 694 93
1851 694 93
1852 694 93
1853 694 93
1854 694 93
1855 694 93
1856 694 93
1857 694 93
1858 694 93
1859 694 93
1860 694 93
1861 694 93
1862 694 93
1863 694 93
1864 694 93
1865 694 93
1866 694 93
1867 694 93
1868 694 93
1869 694 93
1870 694 93
1871 694 93
1872 694 93
1873 694 93
1874 694 93
1875 694 93
1876 694 93
1877 694 93
1878 694 93
1879 694 93
1880 694 93
1881 694 93
1882 694 93
1883 694 93
1884 694 93
1885 694 93
1886 694 93
1887 694 93
1888 694 93
1889 694 93
1890 694 93
1891 694 93
1892 694 93
1893 694 93
1894 694 93
1895 694 93
1896 694 93
1897 694 93
1898 694 93
1899 694 93
1900 694 93
1901 744 603
1902 744 603
1903 744 603
1904 744 603
1905 744 603
1906 744 603
1907 744 603
1908 744 603
1909 744 603
1910 744 603
1911 744 603
1912 744 603
1913 744 603
1914 744 603
1915 744 603
1916 744 603
1917 744 603
1918 744 603
1919 744 603
1920 744 603
1921 744 603
1922 744 603
1923 744 603
1924 744 603
1925 744 603
1926 744 603
1927 744 603
1928 744 603
1929 744 603
1930 744 603
1931 744 603
1932 744 603
1933 744 603
1934 744 603
1935 744 603
1936 744 603
1937 744 603
1938 744 603
1939 744 603
1940 744 603
1941 744 603
1942 744 603
1943 744 603
1944 744 603
1945 744 603
1946 744 603
1947 744 603
1948 744 603
1949 744 603
1950 744 603
1951 744 603
1952 744 603
1953 744 603
1954 744 603
1955 744 603
1956 744 603
1957 744 603
1958 744 603
1959 744 603
1960 744 603
1961 780 663
1962 780 663
1963 780 663
1964 780 663
1965 780 663
1966 780 663
1967 780 663
1968 780 663
1969 780 663
1970 780 663
1971 780 663
1972 780 663
1973 780 663
1974 780 663
1975 780 663
1976 780 663
1977 780 663
1978 780 663
1979 780 663
1980 780 663
1981 780 663
1982 780 663
1983 780 663
1984 780 663
1985 780 663
1986 780 663
1987 780 663
1988 780 663
1989 780 663
1990 780 663
1991 780 663
1992 780 663
1993 780 663
1994 780 663
1995 780 663
1996 780 663
1997 780 663
1998 780 663
1999 780 663
2000 780 663
2001 780 663
2002 780 663
2003 780 663
2004 780 663
2005 780 663
2006 780 663
2007 780 663
2008 780 663
2009 780 663
2010 780 663
2011 780 663
2012 780 663
2013 780 663
2014 780 663
2015 780 663
2016 780 663
2017 780 663
2018 780 663
2019 780 663
2020 780 663
2021 838 219
2022 838 219
2023 838 219
2024 838 219
2025 838 219
2026 838 219
2027 838 219
2028 838 219
2029 838 219
2030 838 219
2031 838 219
2032 838 219
2033 838 219
2034 838 219
2035 838 219
2036 838 219
2037 838 219
2038 838 219
2039 838 219
2040 838 219
2041 838 219
2042 838 219
2043 838 219
2044 838 219
2045 838 219
2046 838 219
2047 838 219
2048 838 219
2049 838 219
2050 838 219
2051 838 219
2052 838 219
2053 838 219
2054 838 219
2055 838 219
2056 838 219
2057 838 219
2058 838 219
2059 838 219
2060 838 219
2061 838 219
2062 838 219
2063 838 219
2064 838 219
2065 838 219
2066 838 219
2067 838 219
2068 838 219
2069 838 219
2070 838 219
2071 838 219
2072 838 219
2073 838 219
2074 838 219
2075 838 219
2076 838 219
2077 838 219
2078 838 219
2079 838 219
2080 838 219
2081 912 1229
2082 912 1229
2083 912 1229
2084 912 1229
2085 912 1229
2086 912 1229
2087 912 1229
2088 912 1229
2089 912 1229
2090 912 1229
2091 912 1229
2092 912 1229
2093 912 1229
2094 912 1229
2095 912 1229
2096 912 1229
2097 912 1229
2098 912 1229
2099 912 1229
2100 912 1229
2101 912 1229
2102 912 1229
2103 912 1229
2104 912 1229
2105 912 1229
2106 912 1229
2107 912 1229
2108 912 1229
2109 912 1229
2110 912 1229
2111 912 1229
2112 912 1229
2113 912 1229
2114 912 1229
2115 912 1229
2116 912 1229
2117 912 1229
2118 912 1229
2119 912 1229
2120 912 1229
2121 912 1229
2122 912 1229
2123 912 1229
2124 912 1229
2125 912 1229
2126 912 1229
2127 912 1229
2128 912 1229
2129 912 1229
2130 912 1229
2131 912 1229
2132 912 1229
2133 912 1229
2134 912 1229
2135 912 1229
2136 912 1229
2137 912 1229
2138 912 1229
2139 912 1229
2140 912 1229
2141 980 427
2142 980 427
2143 980 427
2144 980 427
2145 980 427
2146 980 427
2147 980 427
2148 980 427
2149 980 427
2150 980 427
2151 980 427
2152 980 427
2153 980 427
2154 980 427
2155 980 427
2156 980 427
2157 980 427
2158 980 427
2159 980 427
2160 980 427
2161 980 427
2162 980 427
2163 980 427
2164 980 427
2165 980 427
2166 980 427
2167 980 427
2168 980 427
2169 980 427
2170 980 427
2171 980 427
2172 980 427
2173 980 427
2174 980 427
2175 980 427
2176 980 427
2177 980 427
2178 980 427
2179 980 427
2180 980 427
2181 980 427
2182 980 427
2183 980 427
2184 980 427
2185 980 427
2186 980 427
2187 980 427
2188 980 427
2189 980 427
2190 980 427
2191 980 427
2192 980 427
2193 980 427
2194 980 427
2195 980 427
2196 980 427
2197 980 427
2198 980 427
2199 980 427
2200 980 427
2201 1012 789
2202 1012 789
2203 1012 789
2204 1012 789
2205 1012 789
2206 1012 789
2207 1012 789
2208 1012 789
2209 1012 789
2210 1012 789
2211 1012 789
2212 1012 789
2213 1012 789
2214 1012 789
2215 1012 789
2216 1012 789
2217 1012 789
2218 1012 789
2219 1012 789
2220 1012 789
2221 1012 789
2222 1012 789
2223 1012 789
2224 1012 789
2225 1012 789
2226 1012 789
2227 1012 789
2228 1012 789
2229 1012 789
2230 1012 789
2231 1012 789
2232 1012 789
2233 1012 789
2234 1012 789
2235 1012 789
2236 1012 789
2237 1012 789
2238 1012 789
2239 1012 789
2240 1012 789
2241 1012 789
2242 1012 789
2243 1012 789
2244 1012 789
2245 1012 789
2246 1012 789
2247 1012 789
2248 1012 789
2249 1012 789
2250 1012 789
2251 1012 789
2252 1012 789
2253 1012 789
2254 1012 789
2255 1012 789
2256 1012 789
2257 1012 789
2258 1012 789
2259 1012 789
2260 1012 789
2261 1070 293
2262 1070 293
2263 1070 293
2264 1070 293
2265 1070 293
2266 1070 293
2267 1070 293
2268 1070 293
2269 1070 293
2270 1070 293
2271 1070 293
2272 1070 293
2273 1070 293
2274 1070 293
2275 1070 293
2276 1070 293
2277 1070 293
2278 1070 293
2279 1070 293
2280 1070 293
2281 1070 293
2282 1070 293
2283 1070 293
2284 1070 293
2285 1070 293
2286 1070 293
2287 1070 293
2288 1070 293
2289 1070 293
2290 1070 293
2291 1070 293
2292 1070 293
2293 1070 293
2294 1070 293
2295 1070 293
2296 1070 293
2297 1070 293
2298 1070 293
2299 1070 293
2300 1070 293
2301 1070 293
2302 1070 293
2303 1070 293
2304 1070 293
2305 1070 293
2306 1070 293
2307 1070 293
2308 1070 293
2309 1070 293
2310 1070 293
2311 1070 293
2312 1070 293
2313 1070 293
2314 1070 293
2315 1070 293
2316 1070 293
2317 1070 293
2318 1070 293
2319 1070 293
2320 1070 293
2321 1132 377
2322 1132 377
2323 1132 377
2324 1132 377
2325 1132 377
2326 1132 377
2327 1132 377
2328 1132 377
2329 1132 377
2330 1132 377
2331 1132 377
2332 1132 377
2333 1132 377
2334 1132 377
2335 1132 377
2336 1132 377
2337 1132 377
2338 1132 377
2339 1132 377
2340 1132 377
2341 1132 377
2342 1132 377
2343 1132 377
2344 1132 377
2345 1132 377
2346 1132 377
2347 1132 377
2348 1132 377
2349 1132 377
2350 1132 377
2351 1132 377
2352 1132 377
2353 1132 377
2354 1132 377
2355 1132 377
2356 1132 377
2357 1132 377
2358 1132 377
2359 1132 377
2360 1132 377
2361 1132 377
2362 1132 377
2363 1132 377
2364 1132 377
2365 1132 377
2366 1132 377
2367 1132 377
2368 1132 377
2369 1132 377
2370 1132 377
2371 1132 377
2372 1132 377
2373 1132 377
2374 1132 377
2375 1132 377
2376 1132 377
2377 1132 377
2378 1132 377
2379 1132 377
2380 1132 377
2381 1216 1047
2382 1216 1047
2383 1216 1047
2384 1216 1047
2385 1216 1047
2386 1216 1047
2387 1216 1047
2388 1216 1047
2389 1216 1047
2390 1216 1047
2391 1216 1047
2392 1216 1047
2393 1216 1047
2394 1216 1047
2395 1216 1047
2396 1216 1047
2397 1216 1047
2398 1216 1047
2399 1216 1047
2400 1216 1047
2401 1216 1047
2402 1216 1047
2403 1216 1047
2404 1216 1047
2405 1216 1047
2406 1216 1047
2407 1216 1047
2408 1216 1047
2409 1216 1047
2410 1216 1047
2411 1216 1047
2412 1216 1047
2413 1216 1047
2414 1216 1047
2415 1216 1047
2416 1216 1047
2417 1216 1047
2418 1216 1047
2419 1216 1047
2420 1216 1047
2421 1216 1047
2422 1216 1047
2423 1216 1047
2424 1216 1047
2425 1216 1047
2426 1216 1047
2427 1216 1047
2428 1216 1047
2429 1216 1047
2430 1216 1047
2431 1216 1047
2432 1216 1047
2433 1216 1047
2434 1216 1047
2435 1216 1047
2436 1216 1047
2437 1216 1047
2438 1216 1047
2439 1216 1047
2440 1216 1047
